1  8820U 76039A   25069.32254883 -.00000015  00000-0  00000+0 0  9996
2  8820 109.8613  20.4388 0044320  41.1235 121.6357  6.38665056883922
1  8820U 76039A   25071.35587389 -.00000017  00000-0  00000+0 0  9994
2  8820 109.8615  21.1355 0044326  40.6875 116.6480  6.38665076884054
1 08820U 76039A   25069.32254883 -.00000015  00000-0  00000-0 0  9997
2 08820 109.8613  20.4388 0044320  41.1235 121.6357  6.38665056883517
1 08820U 76039A   25069.64006193 -.00000016  00000-0  00000-0 0  9992
2 08820 109.8613  20.5476 0044322  41.0546 131.6612  6.38665056883539
1 08820U 76039A   25070.58397377 -.00000017  00000-0  00000-0 0  9995
2 08820 109.8614  20.8710 0044324  40.8527 141.8989  6.38665068883591
1 08820U 76039A   25070.82544507 -.00000017  00000-0  00000-0 0  9991
2 08820 109.8615  20.9537 0044324  40.8017 337.0879  6.38665071883618
1 08820U 76039A   25071.52531109 -.00000017  00000-0  00000-0 0  9993
2 08820 109.8615  21.1935 0044326  40.6515 146.2170  6.38665077883650
1 08820U 76039A   25072.60481047 -.00000015  00000-0  00000-0 0  9996
2 08820 109.8616  21.5634 0044329  40.4208 108.1965  6.38665084883726
1 08820U 76039A   25073.53159916 -.00000012  00000-0  00000-0 0  9993
2 08820 109.8617  21.8809 0044331  40.2201  79.0672  6.38665091883783
1 08820U 76039A   25073.80240358 -.00000011  00000-0  00000-0 0  9993
2 08820 109.8617  21.9737 0044331  40.1621 341.6996  6.38665093883801
1 08820U 76039A   25074.63770223 -.00000008  00000-0  00000-0 0  9990
2 08820 109.8617  22.2599 0044337  39.9888 102.2087  6.38665093883855
1 08820U 76039A   25074.95107580 -.00000007  00000-0  00000-0 0  9994
2 08820 109.8618  22.3673 0044339  39.9218 102.7158  6.38665098883870