1  8820U 76039A   25061.48068208  .00000005  00000-0  00000+0 0  9997
2  8820 109.8604  17.7523 0044297  42.7982  91.6566  6.38664998883428
1  8820U 76039A   25063.67434034  .00000006  00000-0  00000+0 0  9995
2  8820 109.8606  18.5038 0044303  42.3276  95.3063  6.38665006883569
1  8820U 76039A   25066.66306069 -.00000003  00000-0  00000+0 0  9991
2  8820 109.8610  19.5277 0044314  41.6928 126.9530  6.38665030883756
1 08820U 76039A   25061.48068208  .00000005  00000-0  00000-0 0  9998
2 08820 109.8604  17.7523 0044297  42.7982  91.6566  6.38664998883013
1 08820U 76039A   25062.60054519  .00000006  00000-0  00000-0 0  9994
2 08820 109.8605  18.1360 0044300  42.5575 146.4415  6.38665001883084
1 08820U 76039A   25062.84333293  .00000007  00000-0  00000-0 0  9990
2 08820 109.8605  18.2191 0044301  42.5059 344.6576  6.38665002883109
1 08820U 76039A   25063.36976875  .00000007  00000-0  00000-0 0  9997
2 08820 109.8606  18.3995 0044302  42.3931 115.0364  6.38665005883132
1 08820U 76039A   25063.67434034  .00000006  00000-0  00000-0 0  9996
2 08820 109.8606  18.5038 0044303  42.3276  95.3063  6.38665006883154
1 08820U 76039A   25064.80024550  .00000004  00000-0  00000-0 0  9998
2 08820 109.8608  18.8895 0044308  42.0884 163.9803  6.38665015883229
1 08820U 76039A   25066.66306069 -.00000003  00000-0  00000-0 0  9992
2 08820 109.8610  19.5277 0044314  41.6928 126.9530  6.38665030883341
1 08820U 76039A   25067.43855343 -.00000007  00000-0  00000-0 0  9996
2 08820 109.8611  19.7934 0044317  41.5293 109.9598  6.38665038883399